30
99999
99999	1590	2002	2296	1453	1452	1579	1748	587	1689	1973	1016	1053	336	358	1460	1279	2151	2146	643	2080	1826	299	653	1115	1271	1788	869	1888	1981
1590	99999	577	936	595	587	371	557	1212	600	593	701	671	1917	1935	671	910	756	756	2127	665	523	1890	2137	2181	468	425	737	736	543
2002	577	99999	358	607	604	423	307	1508	397	945	1251	956	2304	2316	645	939	179	178	2443	89	197	2294	2452	2331	731	869	1227	334	35
2296	936	358	99999	848	848	737	548	1766	611	1247	1603	1243	2582	2591	858	1121	180	180	2684	271	480	2580	2693	2487	1035	1200	1564	429	392
1453	595	607	848	99999	8	257	310	918	238	1184	946	411	1733	1743	76	352	721	716	1845	667	411	1733	1854	1732	266	1021	820	435	599
1452	587	604	848	8	99999	251	308	919	238	1176	940	408	1733	1743	85	358	720	715	1846	665	409	1733	1855	1736	260	1013	814	437	596
1579	371	423	737	257	251	99999	223	1093	237	942	893	535	1882	1895	326	607	577	573	2030	501	257	1871	2040	1970	308	791	829	411	403
1748	557	307	548	310	308	223	99999	1226	91	1078	1115	695	2037	2047	339	631	412	407	2154	359	114	2033	2164	2024	492	951	1040	189	307
587	1212	1508	1766	918	919	1093	1226	99999	1155	1717	881	564	823	830	910	698	1637	1632	937	1577	1319	834	947	1019	797	1522	655	1344	1493
1689	600	397	611	238	238	237	91	1155	99999	1144	1107	641	1971	1981	255	543	489	483	2079	444	205	1971	2088	1935	455	1008	1014	206	398
1973	593	945	1247	1184	1176	942	1078	1717	1144	99999	960	1226	2309	2330	1259	1503	1088	1091	2573	1008	1002	2263	2583	2723	1050	195	1117	1224	913
1016	701	1251	1603	946	940	893	1115	881	1107	960	99999	645	1351	1373	1005	1059	1428	1426	1633	1339	1138	1303	1644	1892	680	782	231	1302	1220
1053	671	956	1243	411	408	535	695	564	641	1226	645	99999	1348	1360	437	415	1099	1095	1500	1031	775	1340	1509	1511	233	1035	459	844	939
336	1917	2304	2582	1733	1733	1882	2037	823	1971	2309	1351	1348	99999	28	1731	1517	2445	2441	365	2379	2122	86	374	982	1575	2124	1203	2164	2285
358	1935	2316	2591	1743	1743	1895	2047	830	1981	2330	1373	1360	28	99999	1739	1522	2456	2451	338	2391	2133	113	346	959	1588	2145	1223	2173	2298
1460	671	645	858	76	85	326	339	910	255	1259	1005	437	1731	1739	99999	297	743	738	1827	697	448	1735	1836	1687	326	1097	866	434	640
1279	910	939	1121	352	358	607	631	698	543	1503	1059	415	1517	1522	297	99999	1025	1019	1573	986	743	1532	1581	1392	468	1327	870	693	936
2151	756	179	180	721	720	577	412	1637	489	1088	1428	1099	2445	2456	743	1025	99999	7	2566	91	324	2439	2575	2411	881	1029	1396	347	213
2146	756	178	180	716	715	573	407	1632	483	1091	1426	1095	2441	2451	738	1019	7	99999	2561	91	320	2435	2570	2405	877	1031	1394	341	212
643	2127	2443	2684	1845	1846	2030	2154	937	2079	2573	1633	1500	365	338	1827	1573	2566	2561	99999	2510	2251	450	10	681	1733	2382	1456	2256	2429
2080	665	89	271	667	665	501	359	1577	444	1008	1339	1031	2379	2391	697	986	91	91	2510	99999	258	2371	2519	2378	809	943	1313	338	122
1826	523	197	480	411	409	257	114	1319	205	1002	1138	775	2122	2133	448	743	324	320	2251	258	99999	2115	2261	2135	558	890	1085	223	193
299	1890	2294	2580	1733	1733	1871	2033	834	1971	2263	1303	1340	86	113	1735	1532	2439	2435	450	2371	2115	99999	459	1065	1563	2081	1166	2167	2274
653	2137	2452	2693	1854	1855	2040	2164	947	2088	2583	1644	1509	374	346	1836	1581	2575	2570	10	2519	2261	459	99999	679	1742	2393	1466	2265	2438
1115	2181	2331	2487	1732	1736	1970	2024	1019	1935	2723	1892	1511	982	959	1687	1392	2411	2405	681	2378	2135	1065	679	99999	1723	2529	1671	2069	2327
1271	468	731	1035	266	260	308	492	797	455	1050	680	233	1575	1588	326	468	881	877	1733	809	558	1563	1742	1723	99999	868	561	661	711
1788	425	869	1200	1021	1013	791	951	1522	1008	195	782	1035	2124	2145	1097	1327	1029	1031	2382	943	890	2081	2393	2529	868	99999	927	1113	834
869	737	1227	1564	820	814	829	1040	655	1014	1117	231	459	1203	1223	866	870	1396	1394	1456	1313	1085	1166	1466	1671	561	927	99999	1217	1200
1888	736	334	429	435	437	411	189	1344	206	1224	1302	844	2164	2173	434	693	347	341	2256	338	223	2167	2265	2069	661	1113	1217	99999	352
1981	543	35	392	599	596	403	307	1493	398	913	1220	939	2285	2298	640	936	213	212	2429	122	193	2274	2438	2327	711	834	1200	352	99999
																													
																													
																													
																													
																													
																													
																													
																													
																													
																													
																													
																													
																													
																													
																													
																													
																													
																													
																													
																													
																													
																													
																													
																													
																													
																													
																													
																													
																													
